1. what is component. 
2. learn jsx. 

    [0,0,0,0,6,6,0,0,0,0,0,0,0,0,0,0,0,0,0,0,0,0,0,0,6,6,0,0,0,0,0,0,0,0,0,0,0,0,0,0],
    [6,6,0,0,6,6,0,0,0,0,0,0,0,0,0,0,0,0,0,0,6,6,0,0,6,6,0,0,0,0,0,0,0,0,0,0,0,0,0,0],
    [6,6,0,0,6,6,0,0,0,0,0,0,0,0,0,0,0,0,0,0,6,6,0,0,6,6,0,0,0,0,0,0,0,0,0,0,0,0,0,0],
    [6,6,0,0,6,6,0,0,0,0,0,0,0,0,0,0,0,0,0,0,6,6,0,0,6,6,0,0,0,0,0,0,0,0,0,0,0,0,0,0],
    [0,0,0,0,6,6,0,0,0,0,0,0,0,0,0,0,0,0,0,0,6,6,0,0,6,6,0,0,0,0,0,0,0,0,0,0,0,0,0,0],
    [0,0,0,0,6,6,0,0,0,0,0,0,0,0,0,0,0,0,0,0,6,6,0,0,6,6,0,0,0,0,0,0,0,0,0,0,0,0,0,0],
    [0,0,0,0,6,6,0,0,0,0,0,0,0,0,0,0,0,0,0,0,6,6,0,0,6,6,0,0,0,0,0,0,0,0,0,0,0,0,0,0],
    [0,0,0,0,0,0,0,0,0,0,0,0,0,0,0,0,0,0,0,0,6,6,0,0,6,6,0,0,0,0,0,0,0,0,0,0,0,0,0,0],
    [0,0,0,0,0,0,0,0,0,0,0,0,0,0,0,0,0,0,0,0,6,6,0,0,6,6,0,0,0,0,0,0,0,0,0,0,0,0,0,0],
    [0,0,0,0,0,0,0,0,0,0,0,0,0,0,0,0,0,0,0,0,6,6,0,0,6,6,0,0,0,0,0,0,0,0,0,0,0,0,0,0],
    [6,6,0,0,6,6,0,0,0,0,0,0,0,0,0,0,0,0,0,0,6,6,0,0,6,6,0,0,0,0,0,0,0,0,0,0,0,0,0,0],
    [6,6,0,0,6,6,0,0,0,0,0,0,0,0,0,0,0,0,0,0,6,6,0,0,6,6,0,0,0,0,0,0,0,0,0,0,0,0,0,0]



        <Fragment>
            <motion.div style={{ padding: '10px'}} transition={{ duration: 2 }}  initial={{ opacity: 0 }} animate={{ opacity: 1 }}>
                <span><h2>Hello and welcome to the schedule builder.</h2></span>
            </motion.div>

            <motion.feGaussianBlur
            animate={{ stdDeviation: [0, 5, 0] }}
            />
            <motion.circle cx={500} animate={{ cx: [null, 100] }} />

        </Fragment>